2R	9596055	9596055	4
2R	15226120	15226120	4
2L	6135020	6135020	4
3L	135731	135731	4
2L	1987382	1987382	4
3L	4818529	4818529	4
2L	15495401	15495401	4
3R	23462575	23462575	4
2L	15420501	15420501	4
X	6756824	6756824	4
2L	5187662	5187662	6
X	17548881	17548881	6
2R	9204798	9204798	4
3R	21930251	21930251	4
2R	4616491	4616491	4
4	208749	208749	4
3L	3878956	3878956	5
3R	20688873	20688873	5
3L	22697611	22697611	5
X	8301373	8301373	5
3L	9461224	9461224	4
X	21051749	21051749	4
3R	30455250	30455250	4
X	3342651	3342651	4
3R	16001478	16001478	5
X	19850404	19850404	5
4	64593	64593	5
X	22944856	22944856	5
